268.000000 305.000000 442.000000 243.000000
275.000000 396.000000 486.000000 370.000000
224.000000 84.000000 423.000000 67.000000
98.000000 223.000000 318.000000 136.000000
95.000000 495.000000 357.000000 458.000000
85.000000 577.000000 483.000000 550.000000
134.000000 672.000000 371.000000 656.000000
159.000000 747.000000 407.000000 714.000000
123.000000 829.000000 283.000000 795.000000
149.000000 785.000000 357.000000 779.000000
147.000000 873.000000 465.000000 854.000000
168.000000 152.000000 111.000000 106.000000
84.000000 265.000000 328.000000 226.000000
188.000000 334.000000 268.000000 339.000000
206.000000 417.000000 209.000000 383.000000
126.000000 461.000000 1.000000 501.000000
228.000000 540.000000 219.000000 570.000000
334.000000 611.000000 278.000000 592.000000
166.000000 719.000000 242.000000 683.000000
245.000000 496.000000 215.000000 447.000000
282.000000 318.000000 261.000000 282.000000
297.000000 136.000000 272.000000 99.000000
145.000000 20.000000 124.000000 1.000000
257.000000 30.000000 388.000000 20.000000
295.000000 80.000000 303.000000 123.000000
107.000000 240.000000 388.000000 216.000000
196.000000 440.000000 337.000000 410.000000
96.000000 517.000000 456.000000 410.000000
170.000000 567.000000 227.000000 603.000000
143.000000 640.000000 402.000000 583.000000
